q1,q2,q3,q4,q5,q6,X,Y,Z,R11,R12,R13,R21,R22,R23,R31,R32,R33
-1.8910116026374058,2.897223625980426,0.22588094722142937,2.986563801099212,0.3648944081845915,-0.91551764647825,0.398022861862148,0.638734393697591,1.33814269032516,-0.991566537044998,-0.0525647699732872,-0.118459898574348,0.0627613146165906,-0.994482577738815,-0.0840560524980732,-0.113387918228472,-0.0907818678570611,0.989394679826103
-1.4126594605814016,-2.622827195422927,-1.5740878689771651,-2.336475552322165,-1.106467107438887,-2.776251007367044,0.103618549916398,-0.231856714469432,0.929742574044585,-0.951085465876519,-0.216187586951273,-0.220679323559392,0.306931936590804,-0.580198518491137,-0.754428568813051,0.0350602752280105,-0.785259578985749,0.618173252989856
0.5632779225595903,2.987317879626156,-0.860600255027181,0.8979326174250426,0.34012644070153275,-2.2812159927866085,-0.0123649963321840,-0.0337942756315127,1.30962361296996,-0.353191389397203,-0.686841519543093,0.635220095311388,0.885859009687504,-0.463866983323242,-0.00901314251911264,0.300848229862081,0.559532080236987,0.772278572650130
-0.43186405801153027,-1.044373287385668,-0.0008950967856855563,2.1281600509973533,0.2823927470472887,1.6644431116462357,0.0815728161888656,-0.609632103681737,1.39620467911769,-0.675448281738957,-0.703377525334556,0.221426456301245,0.736971737613235,-0.654217023748050,0.169919815788423,0.0253431776859135,0.277957087861560,0.960259121618900
-0.8636012022356492,-1.0758219133771147,0.5119514367551088,-2.3054593947180355,0.04523782868017623,-0.7031160722548786,-0.348791271410039,-0.893626615968210,1.20982680521950,0.194110754525400,-0.960764947652601,-0.198120494496847,0.868961689569218,0.262122041711461,-0.419758999081645,0.455221481301783,-0.0906793836057037,0.885748639485436
-1.6419515157335478,2.6727109441643755,-2.2790636374227295,-0.1451944278458539,-1.8743107421984202,-1.4706151245606847,-0.0604094767787848,-0.0739164184157628,0.359798714333305,0.861473405603072,-0.398989783620130,0.314118964733756,-0.469331098050369,-0.389410171049532,0.792520055951904,-0.193886285851990,-0.830160750246563,-0.522724819487830
-2.0692222088278363,1.7722911250200477,0.18353238684813222,1.8794669018533767,-1.4142028277887786,-0.48631865143435027,0.712563689655975,-0.316442816525086,1.26277551578952,0.611641038604154,-0.790404774649678,0.0339931185127891,0.0987026828138252,0.0336065505455016,-0.994549335209564,0.784954151718803,0.611662400325069,0.0985702172463337
-2.020838483868637,1.5158478640789212,1.6999306227372362,0.12997102516577774,-1.588830152085525,-0.7489908750819949,0.903897578196154,-0.514481472369696,0.489083755197752,0.299581803195760,0.953486167956030,0.0333896797005079,-0.939015000237969,0.300866438299179,-0.166523919102491,-0.168824087505496,0.0185341258680310,0.985471924336886
-1.1751379902173078,0.4381273108182633,0.9856903343995924,1.3633149848983885,-3.1122244906278294,-1.1791241033519895,0.725218001009527,-0.662104884082249,0.796509875213095,-0.0342487776436697,-0.768590486549785,-0.638823673023377,-0.730288596418673,-0.417122103867379,0.541006207363738,-0.682279698635947,0.485054444831109,-0.547006945457574
-1.1127851575546077,-1.982076288009487,1.0476556315900671,0.8027695245797273,-2.6926234196286893,2.932601376023504,-0.982941514703882,-0.0147138413881103,0.792610602850547,0.172676823193586,-0.363500613334702,0.915450718956005,-0.770808619673929,0.528755033733591,0.355347978941433,-0.613218384075481,-0.766997665189852,-0.188885666542414
2.710571900303215,-1.4975748218650358,-2.5818683346869387,1.706624337085901,1.6407596492706826,1.35358036583711,-0.113177533056051,-0.0204829657878648,0.241079353022945,0.464335205217069,-0.151038182534167,-0.872685673431619,0.821707289693212,-0.294165290474764,0.488122845137301,-0.330439022001122,-0.943744800937559,-0.0124821249099988
1.5946092197269017,-3.0753278594256908,1.0814958698956012,-0.9201886057067696,2.5205046184556243,-3.1363484796511267,0.0460758201293689,-1.02487241143077,0.720240190476933,-0.580790589864283,-0.633820421941317,-0.510836533007604,-0.798657660635632,0.322186091962147,0.508273610621463,-0.157569768144520,0.703184040544358,-0.693328185847505
-2.466422268822846,1.31130302796418,2.1752547634775707,-2.380651595716013,-0.560483940552726,-2.917988795809549,0.389907208615856,-0.792564120919673,0.0675861280765988,0.393560829897865,0.752232867734799,0.528446388832003,0.916496637530186,-0.276210230971886,-0.289381792278506,-0.0717201963603495,0.598208676805961,-0.798124421646208
-0.07426830363258752,-1.8490083548435623,2.3696985124324375,0.805514613518215,1.2907704818986865,0.12375622838059908,-0.175806903094736,-0.678706912368152,0.0128077355137196,0.520515170657492,0.410626022076664,0.748632237556530,0.594402581219457,-0.803695662590441,0.0275472933871951,0.612984117702122,0.430650150269111,-0.662412952408196
-2.2240455628685325,-2.4964174676095077,2.021931249702117,-1.0789607187999186,-0.16083876195671287,0.04789184556987536,-0.00602657221779257,1.00198522571511,0.179107672439177,0.845832136834662,-0.516417311742974,-0.133720441331419,-0.0842736178202012,-0.376880775487933,0.922420098657390,-0.526750371273912,-0.768943457739107,-0.362298226828426
-2.521193425606194,-0.9926214814451773,-1.0912200610087468,-2.18382343719655,-0.7876027585568397,2.8689341976889233,0.0538441094017366,-0.0832452256557373,1.20684945384044,-0.972498759932819,-0.124175985808444,0.197044376924667,-0.0505993051976943,-0.713169072110667,-0.699163489391659,0.227345270992470,-0.689905934989192,0.687272819645917
1.055332882952519,-1.3323963042421654,-1.9451619962351672,2.1413496675616344,1.5070093363285437,0.5573717789917456,-0.184524268005420,0.139793742643755,0.573270349033440,0.859370000688046,-0.360906351467738,0.362256549130134,-0.494069326154099,-0.403394810981374,0.770174089038924,-0.131828308306912,-0.840844356550930,-0.524978156865018
-2.1068876821678053,-2.324076129382148,1.4645789263603763,-1.571891310098373,-2.983665042778169,2.263561606527099,-0.287127904660635,0.936556849140062,0.527431391811902,0.611818978486621,0.781589986753177,0.121633178741474,0.157750463369762,0.0301175890228086,-0.987019615883129,-0.775107946592094,0.623065023443478,-0.104869670025065
2.2378762105711907,-2.5932634140053055,-0.19181462716848952,-0.47433076900233484,-1.312200422964565,-1.6577021182644824,0.406239648267345,-0.103675297330186,1.33528173662509,-0.726780642390962,-0.0673981637133562,-0.683554961487259,-0.664757148084953,-0.181460852573270,0.724686065171217,-0.172880976153364,0.981085850734506,0.0870788239057591
2.634477933523038,-1.1007414472373651,-1.8665972547362726,-0.07959645830465245,-1.8529330907953174,0.5039568224936866,-0.0141674350372000,-0.175994464948318,0.594196741359831,-0.528005081493554,-0.847385696597714,-0.0561080664307188,-0.725813422044929,0.415977583124764,0.547866340193582,-0.440914402459725,0.330000199301892,-0.834682189916795
0.6733606993628825,0.5147012038764043,1.9748491648705215,-2.327881141461422,-2.078371065781663,1.9521751352945138,0.263127405337932,0.823678970424444,0.202342543237094,0.520815263505378,-0.126273371089354,-0.844278684471872,-0.765336523813104,-0.507185390218989,-0.396261258850882,-0.378168569050229,0.852536225448597,-0.360791515532669
-3.0364684826612467,1.7797218669766712,0.003097066623372946,-0.9696803575559776,0.5987726075871413,0.8448662385501118,0.160934317474652,-0.645961727156391,1.38188124882152,0.258157207138280,0.903228197889472,-0.342831852283156,-0.889498812487054,0.0837335381258786,-0.449199907810591,-0.377023499249960,0.420912719135759,0.825036825773891
-1.8286744004942923,1.5404815734172193,0.7457079078054902,1.531167797780566,1.5109953789924182,2.2753309802732584,0.997972400832141,-0.191811365187134,0.998811647231947,-0.119128009926539,0.929060743596372,0.350220861684593,0.0264568987855066,-0.349637127447500,0.936511565127155,0.992526347135226,0.120830516916948,0.0170715091303355
-2.8547825443534096,0.3587769531887135,-2.248492576857392,-1.2106841305900347,3.0091704090340157,-1.3663223398257103,0.0819287493352213,0.0771840532319721,0.496569405693743,-0.605395160198613,0.433003126980235,-0.667836051762283,-0.259872429931273,-0.900618631833490,-0.348356713952793,-0.752305137673346,-0.0373412910825412,0.657755735672884
-1.0261712469440627,-2.5248713744812945,-3.025778825649892,-0.7888108257376261,-0.21404836352381906,1.2457837274732064,-0.154716234428596,0.0507139317686929,-0.0314616738535951,0.642494448092056,-0.760649070876383,-0.0928109645773587,-0.765456895520679,-0.631423539446051,-0.124016349459519,0.0357298932370261,0.150722608816050,-0.987930194862448
-1.297931444405811,1.8783273588585114,-3.1342144981092175,-1.0156660021957769,-0.0647515252683224,2.2985582863169727,0.187674769190244,0.129640566803184,-0.0583201157714866,-0.762924334979613,0.646440822857516,-0.00779240907634424,0.644909817714529,0.761848523171559,0.0606477926781194,0.0451418443500970,0.0412442757799535,-0.998128811128132
-2.7711661072500116,2.7695052460762772,-2.4064729726850707,-0.05569970936267321,2.1396896078542422,-2.1928158638081525,-0.167149577436331,-0.00441265546332503,0.433207137286394,-0.529519961766661,0.806583640383563,-0.262738351133277,-0.828039151117819,-0.558741484501303,-0.0464663072920753,-0.184281779638456,0.192952803977757,0.963747602399303
2.209925734344722,-1.4613184449025272,-2.6444485526690085,-0.24166733847258381,-2.757955816000013,-1.8773608227077514,0.0158237746050812,0.0269269181180380,0.275819755386926,0.687035568341654,0.530008491244049,0.497064509940779,-0.716637410464962,0.381221203676630,0.584038710865482,0.120053945189375,-0.757470390890989,0.641736439021440
-2.3079778510602544,-2.887767784336322,-2.428299944337342,-2.442757932421173,-0.4719944866793,1.111299488592663,-0.127247614293025,-0.179493753325393,0.279875539404930,0.674897108212326,-0.345224863896826,-0.652176116301462,-0.737420583030960,-0.283289141616702,-0.613154259517416,0.0269216836197035,0.894744128558266,-0.445766942876645
-2.980120906137972,2.540005527826872,-1.4440992482847599,1.7394197138301442,-0.42515372758277703,2.4091220235905766,-0.251796365132198,0.0736321757666146,0.966380312662851,-0.119433776658450,0.140318108361628,-0.982876595234068,-0.805864916234799,-0.591947413349548,0.0134162815511541,-0.579928710942113,0.793668122261814,0.183775955800606
2.092330926085406,2.604988024405695,1.5167217894568887,2.318506043834624,1.5875784446753185,1.9599921965898712,0.0572641385392490,-1.06552248535311,0.572139163885049,-0.629522808952240,0.255223476624636,0.733867842318026,-0.332486814062981,-0.942152150723947,0.0424481255238532,0.702248924159468,-0.217279317621061,0.677964709001136
3.065665084888286,-1.248602463552626,-2.694960268637488,1.0934632590524682,0.8416489964832037,-0.9375209645591775,-0.0442073907180226,-0.0958427261498184,0.142894850257132,0.170303450115128,-0.850921495121258,-0.496919856736967,-0.594933159267669,0.313213064750672,-0.740237875330141,0.785526110885357,0.421699164345976,-0.452900147833086
-1.8773277191134583,1.7177554005300975,-1.644759521777073,1.3286232693446243,-1.062867277677931,2.1663084765752467,-0.270187316816608,-0.0424330962433353,0.798408349138809,0.535437229240962,0.596033003424618,-0.598374157506313,-0.153354451574242,-0.628102324461350,-0.762869505347155,-0.830535601720435,0.500232074976084,-0.244905053929063
-1.4194774219078221,1.6758055184222052,1.6119844438994493,-2.6029639670569766,1.1669084229760038,1.4710817682226924,1.06997011820247,0.231670490306937,0.521477781451223,0.114174246715510,0.839732508047344,0.530861145984016,-0.873820452098959,0.339112635953031,-0.348483052142509,-0.472654269927309,-0.424089536614032,0.772493369585771
-0.5328144616358008,2.0039109521139213,-2.5052012615831716,-1.3153206815427396,-1.7322386418116098,-1.4817806191146148,-0.102551152565532,-0.0657631594821276,0.280289375126358,0.308942334243471,-0.238292662079195,-0.920744938249137,0.698539099384042,-0.600144646971864,0.389704412783263,-0.645443847862792,-0.763572530877210,-0.0189533465605845
1.2181982661667856,1.1840226987188487,1.7842531215600275,1.6972725669320976,0.8900361941953507,-1.6165621285796605,-0.840283250755368,0.661956068821491,0.337327135086405,0.0643499204794163,0.131105678669370,-0.989277710632832,-0.190560356511959,-0.971476044395142,-0.141141934563769,-0.979564106253556,0.197599585493017,-0.0375308613365078
2.9755270487793117,0.7381902680040091,-3.0296016169085473,-0.35753239755075894,-0.4381310107617691,-0.893348573837816,-0.151888422432471,-0.115470956301964,-0.0281307710963280,-0.261332858204811,0.950768232141738,-0.166568022058790,0.936127965250363,0.207578763966714,-0.283858220642396,-0.235307394483726,-0.230110463691082,-0.944287882269573
2.8346967556165517,1.0718334040953188,-0.42125797783661545,-1.8528986610667746,1.6816130817706956,-0.5097141378186505,-0.307187531465055,-0.162548691989109,1.30529879820827,0.193186579597007,-0.837274606728037,-0.511517525009671,-0.131356021081717,-0.538715857869849,0.832184366715172,-0.972329440667714,-0.0935759446009672,-0.214053734849098
3.05467516982515,-0.906382741801997,0.8721833225468414,-2.655510148085148,-0.06571388494760244,-1.137700443427156,-0.614657225037528,0.937691591168548,0.981772348743742,-0.241105337438702,0.852815066069966,-0.463222062668272,-0.741656642557977,0.145939510856569,0.654711450732744,0.625950190357187,0.501406145011232,0.597309163613599
1.8103324506417477,-1.1063329819488863,-1.7573570605164872,1.0425013867808683,1.9734612438205117,0.09434605779221439,-0.201031728369341,-0.0664641680525527,0.802515348780730,0.912723414501627,-0.291435890412333,-0.286358325180291,0.395303558203828,0.452687527933411,0.799255340254245,-0.103300849424791,-0.842697528080572,0.528384150665981
0.8915740537566057,0.8569569131345376,2.1849622766890535,0.7337957699453681,0.2362651475455917,-0.5101180905914227,-0.174381554945441,0.882117860107167,0.0732613428393088,-0.0753135293758789,-0.957898322023920,-0.277053563335156,-0.743516321470078,-0.131196786363966,0.655721650515958,-0.664463205904249,0.255378558049666,-0.702332143709742
-2.1464441082583585,1.8224198051041878,-2.540624350360334,-2.403822231721319,-0.15823701010519198,0.09957264628329199,-0.145114788281702,0.0599196252677519,0.188616318565348,0.198320004985910,-0.785113659501339,-0.586741610325027,-0.841433773059216,-0.443379327400083,0.308875343123376,-0.502651351512877,0.432448047398375,-0.748552139215173
0.03098319308947861,-2.605237427489415,-0.7087804675755449,-3.135119717175126,2.9846532981223195,1.168394879751041,-0.189117068724389,-0.120389191558772,1.19329425975286,-0.778164974062893,0.445537475341624,-0.442668760144545,0.592199944674294,0.755252898793271,-0.280877703622280,0.209185321352767,-0.480717606220714,-0.851558620648024
-2.097229868907685,2.2720366768969864,1.5076740870001037,-1.1999424649519816,-2.948863763621085,-2.7707169745898965,0.955037817617801,0.186796604061186,0.510875406138867,-0.00471375849690098,0.00734133673803194,-0.999961941903657,-0.999976401332142,-0.00503225152982895,0.00467688179866693,-0.00499772544774740,0.999960389825237,0.00736488431067188
1.0070127419706472,2.08951567959478,1.9814009191909934,-1.30692592279361,1.5923749224128354,-1.9947476865859028,-0.910137262180113,0.137656806812130,0.212103794443434,-0.715559758046374,0.678241005599631,0.167222519380063,0.278815868592812,0.0578104398177198,0.958602975412093,0.640496638621508,0.732562005137642,-0.230471179420045
1.187975779819661,-2.7057394936073482,0.6679575759450636,1.3701589465979067,-0.05412750331842453,-3.104688365631602,0.0497401525890140,-1.03705202324839,1.11979057561167,-0.992352778233975,-0.121701932596157,-0.0206059004576862,0.108779423396403,-0.783368692350848,-0.611964483356729,0.0583352430084731,-0.609526153209919,0.790616764289918
2.3784367296260047,-0.005223687255241138,0.0398280922951022,1.429877607757554,-2.2536807995322548,2.757534303705399,-0.407903597939028,0.501069364436202,1.22891743040766,-0.211060711118050,-0.747252657408103,0.630132400546799,-0.674802834205693,0.577778050356994,0.459144486489423,-0.707173607518202,-0.328307767989427,-0.626194457263471
0.7330319484133665,2.893743461117129,1.8679660063999899,1.5605518809090961,0.8828219814277087,2.6960389795024877,-0.878909670845818,-0.550703272827975,0.274942956570162,-0.967920924312950,-0.180527293534353,-0.174754057367281,0.132409740796647,0.224605749412593,-0.965411786686372,0.213533943014524,-0.957581408351253,-0.193497032433836
-0.1290414978731187,-1.1367104160422898,2.3057082068855133,-1.4836581278392362,-0.5421830993942729,-0.15726124173901423,0.298264149826056,-0.776096731037120,0.0450890789455653,-0.686747160249624,-0.227974585446267,0.690221650109354,-0.670554262875096,0.565234171999710,-0.480486536069263,-0.280598144022932,-0.792803833993255,-0.541042292595026
-1.1090672095481642,-0.9001226986163409,1.5587901334461698,2.524872698463837,-1.0299340298474204,-2.2660252009870465,-0.518057527624663,-0.988222872574697,0.408267372367831,0.623939029437414,0.400524885568801,-0.671028988632232,0.304467769470617,-0.915411087773376,-0.263290557626269,-0.719721796875908,-0.0400294444336099,-0.693107624168174
3.088046205927978,-1.5148513078150079,1.366971092136052,1.7894868322545738,-1.747793246625019,0.1890926884139934,0.0935155469268186,1.07474933883791,0.577184568358788,0.207395969436247,0.181679458686250,0.961238516786063,0.917769493078902,-0.376293326493957,-0.126895587038351,0.338653317472744,0.908513019569661,-0.244781583941934
-0.3614476050293849,1.0881850214334348,-2.551309953223149,-2.7758588432451217,-1.9408479690363876,2.734765537375001,-0.126045537387154,-0.0674472777819210,0.336431941004581,0.785331190587892,-0.0954805387253300,-0.611668527729296,0.0448096201422767,0.994210264707450,-0.0976629279360806,0.617452037839789,0.0492891090918063,0.785062777548667
-0.8586931842936338,-0.17094395442205546,-0.1810398587576576,-3.0598232555470415,-0.9166939535156984,0.24893317596954612,0.304405629625768,-0.493910012613925,1.39980586807699,-0.610690171486567,-0.683472646206463,0.399903308735053,0.445941724563633,-0.714151937433157,-0.539558141958475,0.654364953785669,-0.151169283083582,0.740914539679898
2.254272372269819,-0.5107926400194445,1.384503967974827,-2.0153254968606715,-1.2238456680234342,1.635595027800167,-0.277295770952019,1.09569736036755,0.556703756728923,0.384474456766152,-0.173541137413176,-0.906676825401264,0.177480032366532,-0.949951873922092,0.257084179488122,-0.905914030250966,-0.259759332570069,-0.334432143995169
0.31976216310027583,1.5675399556121556,1.6192159753358553,2.919967124297891,0.6319157057611626,2.828556665224503,-0.364972494706180,1.07264859599547,0.493393375671452,0.281412024206231,-0.879872373225210,-0.382925422853053,0.648138489508575,-0.119983475646580,0.752010946721728,-0.707618379530729,-0.459813627904615,0.536514358189509
-1.5845391566629528,-2.4408030192653416,-2.31034250317867,1.9067598900261835,0.17743109498372434,0.1510828867761913,0.138713667835515,-0.195356284140162,0.322528658026084,-0.951527331426808,-0.00552866217452114,0.307514506068150,-0.210354526607318,0.741121499646810,-0.637565601249844,-0.224380727076969,-0.671348163515641,-0.706360341936456
-1.086509191314665,-2.222018496208147,2.591423686838061,1.8262601116294093,-1.5158462959155015,0.6211535422585381,-0.546279997017460,0.190020425099695,0.0105254617739738,-0.884181373124987,-0.315722425163300,0.344300231873022,0.254298885506505,0.292951983321342,0.921689325260004,-0.391861424803413,0.902495698447974,-0.178734826024314
2.015147719168316,-0.294690636601322,-2.2969854607289952,-1.0987317313298792,-0.20241262126179027,2.0365647909810827,0.0182347342704173,-0.241012123007060,0.329324235254728,-0.740276582168434,-0.667891511539349,-0.0768863492871496,-0.443389432234962,0.570981903011219,-0.690930877741070,0.505367582335254,-0.477389353931747,-0.718820569737156
-0.06370826331733781,-2.286549912598269,2.5276971863434152,-2.5388237578251314,-0.8650542492137259,2.3691910417492297,-0.401971953535242,-0.468162406343011,-0.0493152353199327,0.446347341730040,0.798195713021297,0.404546232518548,0.894855591622066,-0.396744934780458,-0.204516324210984,-0.00274238459182988,0.453295775890835,-0.891355943989985
0.6797858773697603,0.8604806885742651,0.11996192404706685,2.9715666065369133,-0.8519540411197597,-1.4052790529962158,0.0367048261524058,0.784722127870997,1.32803910287773,-0.987737801354577,0.0349258921419447,0.152165100576037,0.104569134546963,-0.575728589830163,0.810926560763841,0.115928132372283,0.816894591064393,0.565016721181252
-2.4726039571682845,0.5187975315163249,0.32283713985579876,-1.7811965125619378,2.1229124998736557,2.252125232822001,-0.370984382265146,-0.697967272901138,1.15990398857318,-0.758452780360659,-0.0774928855156887,-0.647104499024415,-0.583930905963703,0.521758691957041,0.621926494392775,0.289437518341342,0.849566195220672,-0.440979821437076
1.7900148834266227,0.8999534984776192,3.0248220047385406,0.7202130847279054,-0.9502514617331124,-0.6709849638229985,-0.311529161389723,0.210747630447616,-0.0296380807155888,0.678437311195900,-0.632782183525276,-0.373241909477301,-0.143491234633898,-0.612398315711815,0.777417885372193,-0.720508903734380,-0.473872357419501,-0.506272563460797
0.12398781980048179,-1.7851572317242324,-1.1089055686886153,1.8206543521572938,0.8834824159647008,-2.529716512439189,0.0845323255556075,0.102961273956233,1.14096102418249,-0.336152145072114,0.489113176708137,0.804841621521832,0.292689886278119,-0.758002247014927,0.582893835951989,0.895172813390754,0.431510015979695,0.111645601235716
0.15261996549567236,1.9132167551279897,-1.1962446627204044,1.4576914929608744,1.4360636192606933,-0.36592997405304617,-0.0431423838991711,-0.127345025326682,1.10194628688508,-0.547503116107196,-0.131212974261704,-0.826452353882731,0.836785423574913,-0.0793307158233364,-0.541753442462076,0.00552202367456728,-0.988174980918033,0.153230918362395
0.5953561411959405,-2.707020382548549,0.5773736124041147,1.3838684824145657,0.314847059237104,1.3436508766728883,-0.487854128897370,-0.871360967459303,1.16524129763905,0.751032286590780,-0.659527760794360,-0.0312031607341595,0.490146696552967,0.588568206143419,-0.642918099430505,0.442387522830875,0.467558124150031,0.765299078912856
-0.4842502567897924,2.3803270831423244,0.37620136411538674,-0.6318655100576129,-1.9580861405925758,0.8841339110961419,-0.296010325444637,0.706556054892073,1.17478735982904,-0.872595028280401,-0.418534454358888,-0.251807122883438,0.192020951587505,0.180077945865427,-0.964727882651018,0.449116767413282,-0.890168997397346,-0.0767677360669684
-2.2728693149394554,-0.03570478920040454,-0.5630467969757893,-0.8642275570166413,0.4960607020870622,0.1311446968617047,-0.189596735672139,-0.154752284932464,1.40036591075249,-0.975883454140553,0.176906383137585,-0.127889075138892,-0.213853382785420,-0.892330301883444,0.397508947084006,-0.0437974269328211,0.415271915671864,0.908642405706604
2.8018991486361475,2.6174477007578156,0.653539945719094,0.8152065808831463,-1.0933873270042125,2.565308161060144,0.568808355698949,-0.765386714794065,1.12208968474601,-0.563986031060978,-0.540679088957364,-0.624168150046379,0.803746505765558,-0.532866827436593,-0.264659212360570,-0.189502800078895,-0.650937068372892,0.735098375580006
0.2575945461626974,-2.804042131198498,1.5246489362091111,-0.5379426390936635,-2.0343568990545413,0.699286838129507,-0.819221566029311,-0.609985607592447,0.573944586140668,-0.159421406859957,0.737606148052227,0.656141741844206,-0.987201179801431,-0.116205314697124,-0.109225250902918,-0.00431805899161453,-0.665156744829141,0.746691274339567
-0.5151878070139215,-2.5039560454836516,0.7189092163315274,-2.1118158148474073,0.11744657791376545,0.5504194742457358,-1.04957990934701,-0.119046028322382,1.09108590431248,-0.0655234636967995,-0.784760465274654,-0.616325959089087,0.994364957450447,-0.102934979177677,0.0253519517249116,-0.0833367091967589,-0.611191788396735,0.787082963032904
-1.326531579971466,-2.932720366149854,-2.8669837835835104,-1.275770353573556,2.802747227067794,2.3617176527307624,-0.00771116210566226,0.0884826100300018,0.211240302103724,0.786750391093399,0.578728717998817,0.214701870224340,-0.617221507276816,0.733149491225685,0.285533596045114,0.00783792506460296,-0.357162280313816,0.934009460579344
-1.412327466186463,0.5785425643466597,3.1178429644348444,-0.7458850246968725,1.6827653949808195,2.147786527759468,0.0655160757560563,-0.172525572149897,0.0448652508046210,0.0216261744770802,-0.127937266430458,-0.991546450972313,0.830562909120656,-0.549759454396106,0.0890494036764374,-0.556504773178560,-0.825467502788812,0.0943707543102307
2.812380881394895,-1.3840570799808902,1.7332189091454495,1.5603076825289417,-2.4420376952951903,-1.3648424312865166,0.197767056645124,0.925263360366664,0.383794697472173,0.161051769659218,0.832396917804343,0.530261915207442,-0.0514666430854097,0.543627805089730,-0.837746975036521,-0.985603121007210,0.107629832124521,0.130392895119689
2.0723411528761604,-1.5489598363163297,0.8890133812992884,-0.7167969473967606,-2.608845753977215,-1.9306889401323417,0.809774053107379,0.505813449143765,0.887169160553446,0.121217948084310,-0.270393763015715,-0.955088174978850,-0.974828852125159,0.148955885491432,-0.165894102492548,0.187122735461445,0.951156851996381,-0.245531514828059
0.8771988133914466,-1.0642330062432932,2.086193616689256,-0.7415241361693754,1.8503067093807548,-2.640151957917958,0.794260325077315,-0.216382982648952,0.137389435859969,0.695114788904310,-0.164405836473417,-0.699847234173282,-0.658615949045321,-0.535859414540470,-0.528279963193263,-0.288167419930928,0.828145765419241,-0.480764109838215
2.226820623754147,2.0899586254779248,-2.526836556103322,2.8524332873217,0.6537732639871905,1.0621782225547314,0.0525756340174412,0.0808897885543628,0.172228343029371,-0.931660283640558,-0.329571321639817,0.152943976146100,-0.344519726109127,0.935032048582402,-0.0837927589084472,-0.115391829036923,-0.130758602303564,-0.984676045060065
1.7148489863898373,-1.8891531211894461,1.4704367421855284,1.0944123339285392,-2.3354413132019243,0.9756932985135034,0.978328339891165,-0.237389685895825,0.560115874645714,0.312278241886040,-0.475843588540744,-0.822225746914575,-0.0195948772533279,0.862098802012018,-0.506361231093841,0.949788576700094,0.174237007590553,0.259890601515136
-2.551013086826897,-0.6906949306531351,-0.3200429604322941,-1.155548661838258,-1.9118806576829195,-1.0061685065325507,-0.402713724092927,-0.0462113463148635,1.28721828615591,0.973816488438896,-0.152974626463426,0.168167209951622,0.0800866234464728,-0.461463772276950,-0.883536824145361,0.212761790717884,0.873870671515129,-0.437129808954065
0.36176165226457435,1.9269286468534288,-2.5723121588377085,1.865017024906618,-0.6405837681155302,0.692273553555832,0.132449235872607,-0.0647031123849121,0.188975219182234,-0.579951390588779,0.0757981413892408,0.811117147097803,0.0475133006707959,0.997114330905449,-0.0592072407932070,-0.813264330223273,0.00420153125835115,-0.581879262666729
-2.47525614664076,2.1767186788354893,-0.32966062968505794,1.6467440795866146,-0.585746063983597,-1.404791885859185,0.358714282550967,-0.168062568964004,1.41102102754319,0.913980202054166,-0.136743123748630,-0.382022916014854,-0.0593141274259678,0.886362674914781,-0.459176483288953,0.401400080394513,0.442337570895104,0.802007137645232
-1.6890254960509472,-2.7272237732647016,-0.545943346641192,-2.2539890573316095,-0.40135638839068166,2.640545787397196,-0.101090008464794,0.227498562113231,1.40374389177340,-0.580838810949743,-0.785975606703990,-0.211822145586302,0.797073394391267,-0.496335733943640,-0.343983783286673,0.165227962669982,-0.368636928259940,0.914771302279976
-1.4624831789684969,-0.21305594647395232,3.0657520947226136,-0.5774967282745793,-0.0011613372938863442,-1.8982131148854682,-0.0298368087358940,-0.284421766855475,-0.0730477384260071,-0.696345041994270,-0.717669097086044,-0.00739253526889897,-0.715198634537179,0.694734794680951,-0.0763837562297932,0.0599541128376864,-0.0479023188094310,-0.997051088062455
-2.3462268773841566,-2.648419016610611,-0.3602119323951438,-2.055615216661475,2.1259667903777624,-3.05747848488209,0.177110705080652,0.340776847276722,1.26677661795152,0.242394210315760,-0.701061180588225,0.670640192560544,-0.692004683860637,-0.609424018090630,-0.386952043138696,0.679981297037161,-0.370291219510422,-0.632858474252455
-1.7863852867377323,2.47452475531151,-2.0043830097009994,-2.9250233652119446,0.829504531998313,3.101398540286879,-0.188247025540362,-0.175298199838232,0.493072570401064,-0.800393706865222,-0.583166095492348,-0.138878432734381,-0.521208714964175,0.791415878736882,-0.319378118111624,0.296161087004931,-0.183243586385276,-0.937395540096452
1.6572435246545112,-0.5596787280708524,2.806028031259433,0.8383252326810635,-1.0308059759089527,1.980424056279567,0.293626868478691,0.433522107711972,-0.0203796306374673,-0.109306021393864,0.439360870273253,0.891635698791706,0.798324475903662,-0.495631122156917,0.342093294179553,0.592224809392673,0.749207458867172,-0.296577070451522
0.5811246475405274,-0.6816893609493619,-1.7589667240023514,0.240111722381684,0.23313491077271653,0.8148944723728127,-0.323867651777542,0.0382019193061493,0.752464474174348,0.153338041509444,0.0440251257361328,-0.987192601942481,0.854412630461420,0.495989723851263,0.154832976920115,0.496453927302469,-0.867211613239736,0.0384384693775588
-0.4016685747806279,-0.354330060250057,-0.07967494555279453,1.5229817087589383,0.28402873960373354,-0.37287035682644243,0.436049758940676,-0.372665408570426,1.40971504493776,0.910646278026483,-0.386477894442388,0.146144426591960,0.344731199986533,0.905646967897295,0.246908827898643,-0.227780060743603,-0.174466061587390,0.957955028841034
2.590738326790852,-0.81960172013433,-1.3067098472796619,-1.9427624817126143,-0.5113983424345605,0.06965489348318643,-0.00378733233010975,-0.210456169744908,1.06744718825691,0.925877185017338,0.243937355439166,-0.288523837638619,-0.359836714179985,0.336500493170501,-0.870221211660668,-0.115191047362730,0.909539435493237,0.399335745820634
-0.16968327086176904,1.659242376268117,-2.7927002417567386,2.4892508751781115,1.3482497284439328,0.9061396091282621,-0.0515492804474002,0.0964726633936273,0.0990898511554033,0.602449271306445,0.590366453830603,-0.537142742382146,0.709807885836622,-0.0885251428707746,0.698810463776734,0.365003617388210,-0.802266009046368,-0.472378672277161
1.3115557808909912,-1.9808479668094083,1.2294108787130673,-2.2940443514251534,0.5415015478703635,-1.192121082296055,0.885715130538536,-0.749959987602170,0.753294151118760,-0.144577541944063,-0.941643360763323,0.303982097327734,0.595648735226745,-0.328135121833810,-0.733164324037858,0.790126520620711,0.0750674559943643,0.608329646213583
1.9321657135095736,-0.2399250825514918,-2.2544617781435137,-2.419228694881288,2.6930355113710167,1.8788401852312147,0.0398894646081254,-0.0901673319870030,0.458811723497084,0.933839088813528,0.311912820000868,0.175085547441891,-0.259205029352078,0.252792865063820,0.932152627058152,0.246489977407822,-0.915863614350920,0.316917230433373
-1.663855951813793,-1.996582942730469,1.6295806089433267,0.7906962267768578,-1.316303183533833,-1.5569587093343882,-0.900530119778668,0.593451348663424,0.499805677414877,0.372293775226738,-0.923917787676401,0.0881661303594971,0.594425714861859,0.310317863872597,0.741863122733916,-0.712780060354098,-0.223782807598558,0.664729900474558
-2.958468111196893,-0.5803777125747427,0.6121305660514023,0.5452037523607336,-0.8912504575758327,-1.8358913273383919,-0.848767320323478,0.399853809418653,1.16033542466293,0.188803042147465,-0.926671390612926,0.325013146034693,0.908221198125419,0.290647566352021,0.301095080413607,-0.373480476800985,0.238336161740415,0.896497745371038
-2.2643091382046827,-0.12806382819987538,0.18765932196977841,1.4869193854178073,0.3750594453465048,-0.12373334557984661,-0.534844540073596,-0.547334126654384,1.34246993117317,0.525165030939432,0.845171541789655,0.0994321639475072,-0.754025837289355,0.516300721806875,-0.406052461341866,-0.394520882816706,0.138270132749622,0.908424263992838
-1.062039737370832,-3.0981028897711025,3.0336220017176485,-0.4153273859144746,-0.8944822526998881,2.8163434963309113,-0.224428954417853,0.304230555706743,-0.0324217470150582,-0.626666999062847,0.388660647286856,-0.675449016237442,0.00347147179312313,0.868136082016181,0.496314106171872,0.779279424320414,0.308678869299725,-0.545381457769411
-1.6860786725546744,2.4033821711154175,-0.23215174895869595,-2.5366031045710384,-2.978914631499485,2.386441587179016,0.382307839973464,0.345714113438614,1.23614618773717,0.512128125025459,-0.833285497264177,0.208230794089397,-0.843673117943853,-0.442575442431174,0.303879331011090,-0.161060403627972,-0.331303875326026,-0.929675905128853
2.229828047845869,-3.1395772620309974,-0.661575090185258,-1.6451908193412288,0.6627542828154924,2.8865420920869838,0.0428718823625847,-0.155062682610419,1.34934750115767,0.510421000532225,-0.305515182929766,-0.803822664034222,0.552227862018138,0.832997325827523,0.0340564762574331,0.659177359006329,-0.461276411887263,0.593893324772937
-2.098965426004879,2.337487533137992,-2.0941611232407498,-0.32652901415058677,-2.782583084775365,-1.8583683586570303,-0.117229186900149,-0.0169062980759840,0.546325735519488,0.345817540410037,0.169029962960956,0.922951299021877,-0.938300963713271,0.0610002939674849,0.340397217424917,0.00123702849533980,-0.983721421824948,0.179695948766809
1.017616691030451,0.848351164908391,1.5112545129337116,0.047657118792430175,-1.395134769757075,-1.5306654849247576,-0.310380155671041,1.03693159158223,0.607058574570954,0.942160610484664,-0.334976070301193,0.0111542089246502,0.331078635887128,0.935346173775784,0.124557103619659,-0.0521566957377791,-0.113659876511326,0.992149742509238
3.072249357121903,2.697355221923063,0.21459215475408877,-1.4007939443414357,1.7825448251326845,2.3577239839552773,0.624416922336825,-0.462843698456814,1.21890289453011,0.728637209743535,-0.575313736375700,-0.371620668578306,-0.442282737674613,0.0190482155286959,-0.896673377233997,0.522947221555106,0.817710994314375,-0.240572095732633
-2.9156223150841027,0.7456644338887073,-3.0313302811686547,-0.9725455215811971,-2.513935427419169,1.2651783692800693,-0.0747864685791154,-0.195558181241965,0.142643252495492,0.985522480799681,-0.0385072592742157,0.165113993415549,0.133901701744209,0.774147651413716,-0.618680651128377,-0.103998913977246,0.631832734822924,0.768096101472815
-2.793117388189893,2.7160051425461917,-2.6389057269072875,-0.6323670461727069,-2.405177578875965,1.681883518361535,0.0373436236300255,0.0369303926798651,0.253114526924484,-0.477315555783496,-0.181448057591611,0.859794430432836,0.792238136960601,-0.512169014561770,0.331725240022554,0.380169165704280,0.839499555043990,0.388216308942134
-1.6256600916542747,-2.972027009823769,-0.07724548022313815,2.589646341424177,-1.5559483183162646,-0.4894265158643094,-0.0240894417011993,0.667187121494968,1.32160566021178,-0.423566232112018,0.800605047573585,0.423819778696236,0.118846736320363,-0.414704467681712,0.902161658324508,0.898035133099160,0.432494811858508,0.0805055118302337
-2.8558579394777337,-0.04497789353555959,-0.7820316279760728,0.28069561589499825,1.286923194071603,-2.602179084678579,-0.162278561048359,-0.0672259709628658,1.34279391886117,0.491224949927797,-0.783546141569689,-0.380464837533886,0.697341330280377,0.615504003939137,-0.367246361748738,0.521932100613890,-0.0849132802695987,0.848750032213625
2.7647272085774706,2.1438129360538527,0.11373508198132054,-2.9258004947890615,0.03353989279529612,-1.5269409289882234,0.137339381105779,-0.694852399353527,1.37290143035539,0.898210343673557,-0.439479377171379,0.00872098382568190,0.438693887028198,0.895002949222367,-0.0807303806962149,0.0276740311830750,0.0763387052832427,0.996697822849913
0.32961987840904783,-1.7751841735701464,2.640391103506788,-0.6238221866674256,0.3013569875977202,-1.8553827990751801,0.0554991277608220,-0.579662984666037,-0.0739332617803897,-0.527264790885687,-0.837902824042475,-0.141105271885633,-0.794657197754042,0.545059708934302,-0.267263637171515,0.300851754772955,-0.0287883858196276,-0.953236303595249
-0.7725841945566709,-0.12274565465587362,1.7608945329912258,2.5633697090393666,1.6902808810389063,2.5604647731252834,0.676904749841388,-0.758087498017756,0.438461979256472,0.238572663372479,0.861338274147323,0.448530335406952,-0.945935524480978,0.101601266193520,0.308031112442834,0.219747736771640,-0.497768580965879,0.839009756788892
-1.0325960743112845,1.7694584464645873,0.6504045691090701,-1.7753789818909573,-1.1873423978787352,2.736277559119687,0.685699587920377,0.744782833175664,1.06864313687330,-0.285832612824752,-0.899165932791199,-0.331361347705957,0.0870481409049576,-0.368720940952730,0.925455287341276,-0.954317734620271,0.235680913547674,0.183663192770266
2.661388543955474,-1.6230745966434412,2.595455298999693,0.24069920760426378,0.18515959745234856,0.6739187943523746,0.312032996862176,0.538181539702390,-0.0655159801120656,-0.976866937966674,-0.158283073575409,0.143796572028459,-0.103360718798422,0.938137045915430,0.330477601193401,-0.187209901760263,0.307969725298758,-0.932795315694885
1.7692024927974286,-1.6693203322115324,-1.2892839583262639,2.188718622471465,-0.8349890687806134,-1.0457104346662938,-0.165301756470139,-0.0772897639542501,1.09704850519543,-0.291451796593284,-0.837297689691956,-0.462588833737975,0.750211635866756,0.0999604239475594,-0.653598053129254,0.593496715806140,-0.537531852526655,0.599016824343515
-0.26766587023952226,1.0188389792817079,-2.068809776057221,-3.043847331826457,2.264000590697001,-2.0335921620105357,-0.0871920064418075,-0.0916895776376517,0.508037123080819,-0.679680799410101,-0.0828388521554548,0.728815295865018,0.545658828399739,0.606910225929179,0.577855016982649,-0.490194302193193,0.790441460347419,-0.367303476516584
0.40121856951498724,-0.5794876756487968,-1.3357920372529346,-0.11411591320396797,-2.099961500525734,0.6886605383253217,-0.103550972424581,0.0286457415791754,0.916037825576002,-0.590230266076318,0.747781031651664,0.304058812911995,0.792982557554592,0.607573391272085,0.0450914363523287,-0.151019523312906,0.267727665585965,-0.951585519361362
-2.756435845543175,1.3891941824283673,1.309445808192513,1.7927606081300276,-0.6652776779904785,-1.4263445487212423,0.177506549660025,-1.15781844937877,0.646775138010212,0.388019639810632,0.815739838284816,-0.428963023297219,-0.255658353373155,-0.351899237945361,-0.900447518006464,-0.885482673727586,0.459059301799383,0.0720068882795851
2.2071109798100137,-2.0136928040012965,2.966046550576789,-1.5347146223408352,-1.6182283261724317,1.0888244481894445,0.320184656706058,0.164432821887085,0.0200509582181201,-0.785883920754666,-0.595903921413507,-0.165181656194866,-0.0989759392961244,-0.142462184224210,0.984839220130127,-0.610401692772655,0.790318317205208,0.0529785895452503
-0.74491062615951,-0.9951674304653624,2.3100832893408016,-2.0238714707034378,-0.7671698276233787,1.5441476725639918,-0.0721712261484261,-0.792681710510128,0.0267865158311528,-0.349555028987968,0.751127416866611,0.560016861657319,0.654489707950435,0.623466608814879,-0.427706219126901,-0.670413681167214,0.217018412408180,-0.709541052215908
0.267219790629849,-2.2362294375321685,2.4177949769591214,-0.6440849270726225,0.48524159307005066,1.8332035386942156,-0.308106336217712,-0.660159804409391,-0.0254831747026641,0.922965379753123,-0.0777924950821627,-0.376939299471499,-0.152954998366410,-0.972839291788156,-0.173748326115247,-0.353185045340123,0.218018439729327,-0.909795737342226
1.7907329256495057,0.5642660959457646,1.276911459158164,0.8559318570549865,2.363469690294502,1.0791329350155143,-0.769273168810765,0.696058068287538,0.596396546819715,0.175960557303206,-0.984323622966085,0.0120369242112178,-0.635059570937489,-0.122851033979978,-0.762631604912059,0.752155052920764,0.126548918292382,-0.646721074068868
